27736	1	
11340	89
33415	1	
31725	2
20682	1	
16065	1
33711	86	
22287	71
35091	1	
17117	68
11654	1	
17136	1
16080	1	
25291	2
32796	56	
17187	49
17305	50	
15484	74
14669	77	
32807	1
14817	86	
35236	2
17202	2	
22588	52
16068	33	
18738	77
32814	2	
32797	51
11149	33	
26876	1
14223	53	
31140	2
11257	76	
26834	59
18296	33	
17130	1
17713	94	
14256	1
17128	45	
11314	47
11082	59	
11021	78
26835	1	
32402	1
32425	2	
35286	1
16577	51	
11651	65
21383	71	
33813	39
24240	45	
21451	2
14218	33	
24312	2
18461	33	
20667	1
16072	2	
35339	33
22297	1	
28021	2
25486	44	
16483	77
11219	53	
14615	2
15461	1	
31134	1
15607	87	
28193	1
20674	68	
35320	1
11253	60	
11018	49
32804	90	
11026	2
14257	77	
11311	70
32384	2	
14880	63
32391	2	
18630	40
14227	88	
18253	72

